n;time_left;time_centre;time_right
16384;566;563;522
18022;574;592;572
19660;671;660;666
21298;695;665;697
22936;795;789;800
24574;794;807;798
26212;935;932;926
27850;939;1013;933
29488;961;960;956
31126;1465;1448;1465
32764;1590;1594;1603
32768;1272;1512;1206
36044;1346;1383;1246
39320;1375;1563;1343
42596;1722;1724;1708
45872;1867;1872;1839
49148;2050;1774;2055
52424;2308;2301;2254
55700;2398;2419;2292
58976;2273;2490;2632
62252;2442;2618;2356
65528;2628;2576;2992
65536;2680;2523;3010
72089;2851;3357;2890
78642;3134;3177;3464
85195;3508;3812;3506
91748;4395;4812;3908
98301;5214;5295;4167
104854;5054;5876;5848
111407;6025;5035;6337
117960;6844;6132;6557
124513;6190;7473;6642
131066;6637;6982;6488
131072;6603;6142;6145
144179;7051;8429;7054
157286;8487;7945;9961
170393;8789;11479;9874
183500;12694;11397;9931
196607;12441;11452;13300
209714;13102;13167;15151
222821;13518;16904;14327
235928;16411;19298;15413
249035;20223;16584;20090
262142;20200;23869;19193
262144;20618;21143;19511
288358;23150;23979;24313
314572;25697;26449;27787
340786;27821;30346;27346
367000;28743;32622;33396
393214;41424;44398;36227
419428;44462;50139;33872
445642;48696;51516;44097
471856;50706;49673;44960
498070;53738;47111;54583
524284;52632;52587;68105
524288;57152;59950;66711
576716;61921;75439;67021
629144;72689;83199;80504
681572;94878;93752;86773
734000;95259;114323;93487
786428;106933;125184;115693
838856;135471;128784;136941
891284;157798;142358;131039
943712;156666;163229;152525
996140;171582;168545;178128
1048568;180622;177211;178437
1048576;179286;186152;177012
1153433;221523;209262;223778
1258290;260858;243525;265124
1363147;294779;316407;288638
1468004;341776;314816;316737
1572861;370018;389734;347477
1677718;405099;425729;438423
1782575;480704;465920;458770
1887432;528842;504215;517354
1992289;558253;631624;565298
2097146;629888;640491;620113
2097152;642572;642382;626600
2306867;744875;791489;759968
2516582;909310;897280;894390
2726297;1032411;1077781;1009088
2936012;1216326;1143079;1150835
3145727;1353455;1312979;1368913
3355442;1559870;1533605;1608597
3565157;1753155;1823266;1846247
3774872;1928414;1959493;1922756
3984587;2168309;2105771;2126824
4194302;2338868;2365985;2370257
4194304;2384988;2451316;2426883
4613734;2980456;2925596;2871169
5033164;3371777;3390371;3359343
5452594;3793096;3916925;3779557
5872024;4431224;4443589;4493226
6291454;5030436;5139406;5075556
6710884;5849266;5856391;5604190
7130314;6354598;6372561;6421888
7549744;7124383;7127744;7193294
7969174;8084530;7862560;8059136
8388604;8676322;8824546;8591635
