512
150
338
116
155
430
183
166
119
507
373
78
7
415
384
169
243
505
67
371
233
408
366
189
442
174
70
293
52
66
305
506
70
257
164
236
168
107
456
295
410
299
298
5
144
130
260
351
118
218
505
377
441
151
16
361
215
434
487
487
461
136
453
457
308
456
204
147
106
99
59
130
119
162
125
25
306
200
357
234
449
145
249
385
65
463
168
376
224
342
110
457
505
437
71
252
164
350
53
492
155
168
33
130
457
251
44
209
300
147
298
463
88
65
497
387
448
298
303
403
279
108
417
425
71
448
213
54
92
470
169
453
85
423
366
13
181
159
408
313
486
260
27
489
328
192
7
137
262
342
28
343
467
330
244
209
4
59
386
374
179
248
266
351
307
407
405
195
2
335
164
342
154
327
369
109
415
279
331
252
179
342
423
259
155
168
121
381
82
394
76
255
438
157
226
1
434
469
108
27
350
104
370
41
407
357
432
132
286
482
182
512
424
410
84
42
22
148
67
153
2
77
68
391
232
114
327
507
317
407
364
156
392
319
208
330
496
356
87
460
142
260
111
65
334
362
299
11
183
27
466
256
336
311
349
178
337
104
39
320
44
285
373
227
393
240
175
493
185
445
64
229
230
387
50
419
67
114
447
292
40
94
67
9
483
201
83
274
271
448
290
471
426
150
152
108
342
326
66
505
362
338
342
166
37
126
214
367
295
399
139
272
111
35
261
300
501
224
39
376
11
18
84
385
324
53
153
70
152
173
125
301
440
200
204
489
311
505
181
246
84
274
305
510
326
305
85
405
244
192
162
12
489
315
266
391
412
382
145
181
262
344
302
66
136
393
116
34
35
261
251
482
171
215
375
316
70
25
365
468
29
294
62
380
150
49
132
362
282
420
338
196
128
304
162
197
220
359
309
217
422
461
473
457
126
418
184
254
20
287
150
188
287
42
371
252
324
275
313
82
471
363
509
205
263
505
228
468
150
428
401
446
448
507
258
5
118
217
49
41
57
25
349
94
133
253
105
281
258
196
213
90
329
91
10
25
421
30
197
45
42
125
392
458
385
303
429
4
99
295
80
183
215
58
395
484
507
305
247
501
43
426
275
366
323
32
165
350
256
447
485
415
287
86
437
502
210
241
423
56
181
87
52
273
232
119
131
113
19
463
299
46
387